# Indice, log sigma, log fx, z or modulo de distancia, err log sig, err log fx, err z or err_mod_distancia, flag
# en lugar de redshift para los primeros 36 objetos esta el modulo de distancia observado
# 0: GEHRs, 1:local HIIG, 2: Literatura Erb et al. 2006, 3: XShooter, 4: MOSFIRE, 5: KMOS
1  1.1803352  -10.2477404749  24.22  0.0136779  0.0576746197553  0.13	0
2  1.1144041  -10.4759303122  24.22  0.0117835  0.0616196977511  0.13	0
3  1.4143135  -11.0543846363  29.15  0.0233959  0.0571859387529  0.10 	0
4  1.3692392  -11.9205675872  29.15  0.0211037  0.0529003364017  0.10	0
5  1.2958639  -11.8613707404  29.15  0.0178817  0.0609810126943  0.10	0
6  1.3043677  -12.0887781044  29.15  0.0182209  0.0414250431862  0.10	0	 
7  1.3026601  -11.8302225581  29.15  0.0181555  0.0592690973202  0.10	0
8  1.1051128  -11.3192839883  24.58  0.0114869  0.0962665899784  0.10	0
9  1.0106166  -11.5662672307  24.58  0.0093596  0.0815293027404  0.10	0
10  1.2455455  -10.7558824468  24.58  0.0158692  0.0844501344365  0.10	0
11  1.268982  -10.6936229727  24.58  0.0167476  0.0793074651279  0.10	0
12  1.1308849  -12.0123383193  27.80  0.0122529  0.128864722956  0.10	0
13  1.2752068  -11.2411773666  27.80  0.0170656  0.135179284621  0.10	0 
14  1.3078885  -12.7076463341  31.35  0.0185463  0.12571666106  0.22	0
15  0.96887803  -12.6527172814  27.63  0.0084329  0.149490118407  0.14	0
16  1.1778337  -11.8647262338  27.63  0.0135989  0.0592986801527  0.14	0
17  1.196546  -11.7262899358  27.63  0.0142274  0.0518844705998  0.14	0
18  1.2020147  -11.7762487492  27.63  0.0144248  0.0592388049993  0.14	0
19  1.1765556  -12.0536524352  27.49  0.0135573  0.0971070210515  0.23	0
20  1.2344576  -11.9084223369  27.49  0.015488  0.0530241383499  0.23	0	 
21  1.2917336  -11.6740676057  27.49  0.0176655  0.0713106975201  0.23	0 
22  1.0301222  -13.3646524339  29.80  0.0097921  0.120040800517  0.10	0
23  1.1880504  -13.0917971229  29.80  0.0137448  0.0626028467901  0.10	0
24  1.1262528  -13.4158555285  29.80  0.0121581  0.0931785125153  0.10	0
25  1.2104106  -12.1184938148  29.37  0.0147333  0.132913000622  0.06	0
26  1.3291017  -11.687740766  29.37  0.0192565  0.112025324018  0.06	0 
27  1.1014071  -12.8410829002  28.22  0.011582  0.123150622002  0.12	0
28  1.2973214  -11.745199081  28.22  0.0179827  0.130371998442  0.12	0
29  1.0219418  -12.9456262563  28.22  0.0096655  0.0794015596464  0.12	0
30  1.22553  -12.9698122234  30.35  0.034295314  0.0546871343216  0.12	0
31  1.24304  -12.7983464991  30.35  0.024792777  0.0390954595717  0.12	0
32  1.26163  -12.715201411  30.35  0.0062837758  0.0150484631494  0.12	0
33  1.32603  -12.4119542075  30.65  0.030115567  0.108680645948  0.14	0
34  1.28648  -12.679770541  30.65  0.011050304  0.0521122804821  0.14	0
35  1.22127  -12.6572806592  30.65  0.0070564244  0.242957521581  0.14	0
36  1.23822  -12.6433674919  30.75  0.028313097  0.0672158275222  0.13	0
37  1.377  -12.9615138026  0.02203  0.039  0.0598828281985  0.000546380901936	1
38  1.463  -13.3247462252  0.05191  0.036  0.0599468433725  0.000720739072064	1
39  1.538  -13.1696022768  0.01257  0.034  0.0907518399782  0.000515558425399	1
40  1.577  -13.2967249706  0.01636  0.034  0.102082653753  0.000526084555941	1
41  1.454  -13.9250406093  0.03637  0.036  0.0577349063924  0.000618286090738	1
42  1.529  -13.897993492  0.05712  0.034  0.0781396045806  0.000759124126873	1
43  1.527  -14.1095100976  0.09424  0.033  0.0569088308308  0.00106682602143	1
44  1.283  -13.9644941769  0.01812  0.042  0.101923425554  0.000531820872099	1
45  1.369  -13.5330995642  0.01718  0.04  0.0644385178251  0.00052869200864		1
46  1.625  -13.5461747489  0.05574  0.033  0.0586406092236  0.000748795539517	1
47  1.144  -13.6758239908  0.01207  0.06  0.0986885295704  0.000514362216731	1
48  1.706  -13.641513987  0.11235  0.033  0.070646619695  0.0012297366588		1
49  1.651  -13.5136476445  0.08164  0.034  0.0652052955272  0.000957344744593	1
50  1.59  -13.7649424623  0.07687  0.034  0.111519953959  0.000917005828771		1
51  1.39  -13.5380589555  0.0142  0.038  0.105178508967  0.000519773027388		1
52  1.782  -14.0310138883  0.16417  0.032  0.0469535712311  0.00171615235046	1
53  1.419  -13.9916511531  0.05097  0.039  0.138286685494  0.000713998662464	1
54  1.35  -13.6856713656  0.02282  0.041  0.110553147127  0.000549613718897		1
55  1.548  -13.8818227701  0.07443  0.034  0.070702020333  0.000896650706797	1
56  1.446  -13.5144782672  0.05041  0.026  0.371554183686  0.000710011837929	1
57  1.576  -13.5669246164  0.06347  0.025  0.0491948293023  0.000807987679362	1
58  1.567  -13.9834564368  0.07485  0.022  0.0962637457245  0.00090014012798	1
59  1.484  -13.559480447  0.03993  0.026  0.117505939509  0.000639875370678		1
60  1.791  -13.1068467318  0.07051  0.032  0.0681364326649  0.000864387650305	1
61  1.463  -13.2799793455  0.02021  0.035  0.103276651516  0.00053929992583		1
62  1.48  -13.6974929861  0.02077  0.026  0.164738037839  0.00054142339255		1
63  1.565  -13.7645397326  0.05547  0.033  0.123717965269  0.000746787848053	1
64  1.588  -13.1074292986  0.0237  0.033  0.144788691034  0.00055332540155		1
65  1.532  -14.0447127355  0.08769  0.035  0.0956347435569  0.00100943232066	1
66  1.649  -13.676079642  0.09729  0.033  0.107583349875  0.00109386215311		1
67  1.688  -13.4671836907  0.10937  0.025  0.0713284174792  0.00120257211426	1
68  1.707  -13.7705885178  0.11245  0.024  0.113406457481  0.0012306503362		1
69  1.664  -13.7356533351  0.07302  0.019  0.0732699669609  0.000884981378335	1
70  1.637  -13.0788656582  0.04258  0.034  0.0949476894726  0.000656738639034	1
71  1.652  -13.4639642372  0.08479  0.024  0.0918202206656  0.000984344660167	1
72  1.49  -13.0262778239  0.03065  0.035  0.0517922908867  0.000586465898412	1
73  1.747  -13.1906110943  0.09209  0.024  0.0481532266543  0.0010478820592		1
74  1.449  -13.4006679475  0.03127  0.035  0.0567513092056  0.000589729844929	1
75  1.406  -12.9514931348  0.01125  0.04  0.0548613495606  0.0005125			1
76  1.725  -13.1087982105  0.07687  0.032  0.0563786386293  0.000917005828771	1
77  1.766  -13.3870419732  0.09922  0.024  0.0998275810284  0.00111106293251	1
78  1.646  -13.8650342898  0.12641  0.025  0.094890869648  0.00135939280931		1
79  1.566  -13.751448207  0.04038  0.025  0.0633687483198  0.000642693114947	1
80  1.535  -13.106010174  0.02771  0.035  0.0555814640936  0.000571650601329	1
81  1.477  -13.6113114234  0.02293  0.035  0.0624599159061  0.000550071349917	1
82  1.614  -13.8846344929  0.05815  0.024  0.0718594766511  0.000766904329105	1
83  1.737  -13.5794425679  0.10809  0.023  0.0749889736344  0.00119094282398	1
84  1.561  -13.8889844187  0.09494  0.025  0.0770720434239  0.00107301461313	1
85  1.441  -13.1961880005  0.01352  0.036  0.0725408812578  0.000517956600499	1
86  1.7  -13.6639582305  0.08536  0.024  0.0605280227876  0.000989258793239		1
87  1.787  -13.2571518229  0.10263  0.031  0.0815908421109  0.00114161801405	1
88  1.602  -13.7360648564  0.04587  0.025  0.268713085594  0.000678532011036	1
89  1.536  -13.4714401331  0.01558  0.034  0.0537464703153  0.000523711409079	1
90  1.496  -14.0855126874  0.02329  0.036  0.0620302704091  0.00055158173465	1
91  1.434  -13.513023164  0.01765  0.036  0.0559787041603  0.000530237918297	1
92  1.44  -13.5172993114  0.01822  0.035  0.0651022075927  0.000532162418816	1
93  1.75  -13.597889503  0.09883  0.025  0.0570311936166  0.00110758155004		1
94  1.746  -13.5160429756  0.12029  0.025  0.0594847996068  0.00130267740059	1
95  1.296  -13.4886099569  0.01578  0.044  0.0652893219381  0.00052430987021	1
96  1.425  -13.1079524596  0.01621  0.042  0.0557010513722  0.000525620024352	1
97  1.297  -14.1629925034  0.03259  0.035  0.0835026601282  0.000596833988643	1
98  1.532  -13.3252587705  0.02518  0.034  0.0580785945759  0.000559824293864	1
99  1.681  -13.2614827529  0.06244  0.042  0.0565201385508  0.000799922096207	1
100  1.612  -13.5990623501  0.05564  0.025  0.0601998162099  0.000748051442081	1
101  1.709  -13.9155913599  0.14486  0.032  0.0695523093126  0.0015324627108	1
102  1.774  -13.7291059794  0.14807  0.024  0.143745991472  0.00156284115956	1
103  1.279  -13.9620538152  0.0139  0.044  0.067166509431  0.000518961462924	1
104  1.56  -13.1425324228  0.03476  0.037  0.0616012040701  0.000608954645273	1
105  1.54  -13.2860730129  0.03375  0.034  0.453660194175  0.000603246425601	1
106  1.791  -12.7506645006  0.04583  0.033  0.0590941050667  0.000678261667795	1
107  1.597  -13.957055317  0.06988  0.022  0.0763332650426  0.000859256329625	1
108  1.63  -14.004237488  0.0505  0.034  0.11573891503  0.000710651109899		1
109  1.593  -13.7917384723  0.07806  0.025  0.104701738875  0.000927003969787	1
110  1.41  -13.3555775122  0.01453  0.038  0.0588263758786  0.00052068425173	1
111  1.593  -13.0005102221  0.02777  0.034  0.0560358774996  0.00057194168409	1
112  1.446  -13.2286600493  0.01216  0.036  0.0574401672465  0.000514574154034	1
113  1.639  -12.5662664948  0.03039  0.033  0.0567883809435  0.000585111280014	1
114  1.561  -13.2866227663  0.08564  0.033  0.0545860371827  0.000991675834131	1
115  1.544  -13.5317906465  0.05314  0.026  0.0674428350735  0.000729647832862	1
116  1.569  -13.8650614723  0.0467  0.034  0.0831725132478  0.000684170300437	1
117  1.587  -14.1425036125  0.15134  0.032  0.165532703667  0.00159385681917	1
118  1.66  -13.9298270611  0.12499  0.024  0.127090052777  0.00134619835463		1
119  1.396  -13.3255505874  0.01111  0.038  0.0591044612065  0.00051219450407	1
120  1.434  -13.4341155511  0.02492  0.027  0.0520870570217  0.000558659681738	1
121  1.465  -13.312660163  0.02187  0.016  0.0615036155151  0.000545737748374	1
122  1.407  -13.381278756  0.02765  0.02  0.379818191975  0.00057136000035		1
123  1.431  -13.349294886  0.02671  0.022  0.11712652532  0.000566870717183		1
124  1.309  -13.5305931913  0.02362  0.032  0.0656709831993  0.000552983218552	1
125  1.424  -13.3722342645  0.01508  0.027  0.0700902505066  0.0005222457659	1
126  1.609  -13.1805764663  0.03138  0.024  0.0390945133897  0.000590313848728	1
127  1.683  -13.4485396084  0.03328  0.024  0.113769999159  0.000600629536403	1
128  1.688  -12.8488703501  0.02808  0.024  0.0176833207581  0.000573453258775	1
129  1.739  -13.2656767721  0.03437  0.023  0.0368677829665  0.000606736919925	1
130  1.34  -13.5855563298  0.01094  0.021  0.0737232584945  0.000511828447822	1
131  1.494  -12.5799947316  0.0088  0.025  0.00087981112506  0.000507684941672	1
132  1.397  -13.4413308297  0.02711  0.017  0.0990115296567  0.00056876639317	1
133  1.441  -13.7600866098  0.02662  0.036  0.166588319509  0.000566447208485	1
134  1.559  -14.0868378981  0.1088  0.046  0.100658208085  0.00119739049604		1
135  1.757  -13.7211870876  0.11506  0.033  0.0689889328015  0.00125454388524	1
136  1.707  -13.805707302  0.10726  0.025  0.0806164397765  0.00118341487231	1
137  1.627  -13.5936005027  0.06551  0.031  0.0703212111989  0.00082410922213	1
138  1.662  -13.4260941746  0.07928  0.033  0.0599400646509  0.000937300293396	1
139  1.66  -13.0245647493  0.06094  0.033  0.06278015221  0.000788269217971		1
140  1.318  -13.4493497544  0.02283  0.046  0.0638368652805  0.000549655246495	1
141  1.568  -13.0266348554  0.02873  0.033  0.0711896658704  0.000576663931593	1
142  1.393  -14.0450264117  0.03278  0.041  0.179339121754  0.000597873598681	1
143  1.573  -13.6808414328  0.06479  0.033  0.0656499204829  0.000818397464561	1
144  1.7993406  -16.50463487110948  2.2713  0.062000003  0.050720626792426456  0.022713 	2
145  1.7923917  -16.848699498998663  2.1663  0.069999998  0.051297669175776266  0.021663  	2
146  1.845098  -16.54766950333468  2.1814  0.093000001  0.055143126874086644  0.021814  	2
147  1.7853298  -16.089031654309032  2.1816  0.028459015  0.04841090769040884  0.021816 	2
148  1.8750613  -16.108336809504422  2.1558  0.046293334  0.04977144915117041  0.021558 	2
149  1.90309  -16.396401828004034  2.2473  0.075949999  0.05437495406708838  0.022473  	2
152  1.8076242  -16.255782887110573  2.1735  0.0088551799  0.05143474678681911  0.021735 3
153  1.8692317  -16.723760762390363  2.0138  0.09383784  0.06294219565018475  0.020138  	2
154  1.7923917  -16.50463487110948  2.2664  0.083999997  0.05392874428342802  0.022664	2
155  1.69897  -16.08278270503203  2.03  0.034719999  0.048399299406743417  0.0203  	2
156  1.6157922  -15.576750001345282  0.636427  0.0099147692  0.183202939912294  0.00636427	3
157  1.7026257  -15.586747338355272  0.85089  0.045037569  0.1832183080839428  0.0085089  3
158  1.5586119  -15.745478242446145  0.681622  0.011237193  0.18141274819176603  0.00681622	3
159  1.5646498  -16.575698226934925  1.472  0.097585303  0.12536501642423253  0.01472  	2
161  1.6747086  -16.714362988049984  1.412  0.082058667  0.4276996719865046  0.01412  	2
162  1.6945227  -16.076622396327213  1.3  0.044334292  0.05610871538044185  0.013  	2
163  1.8331649  -16.179692718040087  1.444  0.044861579  0.05334131910940898  0.01444  	2
164  1.8374324  -16.095371832340053  1.504  0.065817584  0.06346153133934974  0.01504  	2
165  1.654137  -16.247545231631726  1.543  0.039147878  0.05233415530281629  0.01543  	2
166  1.7490635  -16.34354952067876  1.61  0.039090095  0.04895319531363322  0.0161  	2
167  1.8137914  -16.254399047972942  2.158  0.040282173  0.059953565154646726  0.02158  	2
168  1.8685482  -16.390691518802644  2.165  0.041347517  0.050327437047385314  0.02165  	2
169  1.8294762  -16.338489721909355  2.177  0.038851385  0.051224106252978706  0.02177  	2
170  1.7669444  -16.67140353880461  2.191  0.062620045  0.06465046048927191  0.02191  	2
171  1.6426649  -16.699994040432614  2.215  0.040199792  0.05082333505499077  0.02215  	2
172  1.7089084  -16.444293448077396  2.234  0.042885929  0.0512039454255907  0.02234  	2
173  1.8368251  -16.105059099743183  2.264  0.044484596  0.04811094111102227  0.02264  	2
174  1.7009654  -16.48305554553654  2.315  0.043679638  0.04979652250834679  0.02315  	2
175  1.7854010249923875  -16.423456379468412  2.42935  0.025011986261650573  0.10427994884726419  4e-04  	4
176  1.78813169001   -16.663695094268277  1.35915  0.0463492501839  0.08835966328859701  4e-04  	4
177  1.76908655673  -17.067300000000000  1.61126  0.0754721531742  0.15391200000000000  4e-04  	4
178  1.75387017739  -16.478800000000000  1.66582  0.0304130148251  0.07348760000000000  4e-04  	4
179  1.65042440279  -17.030000000000000  1.60012  0.0519198988724  0.13010100000000000  4e-04  	4
181  1.8156441491319653  -16.307700000000000  2.18561  0.010169823645948836  0.12679500000000000  4e-04  	4
182  1.76536513378   -16.749279159559656  1.68144  0.0797419763646  0.10250817911691502  4e-04  	4
184  1.82913853235  -16.496605066952263  1.61136  0.0352537155068  0.07972653942495767  4e-04  	4
185  1.62747868947  -16.35507709829215  1.6482  0.0163552935103  0.06898458394843998  4e-04  	4
186  1.44692951253  -17.007381801301847  1.44327  0.0848840977127  0.10354732165326888  4e-04  	4
187  1.61705383062  -16.670200000000000  1.4366  0.0249542867113  0.10627400000000000  4e-04  	4
188  1.82054993983  -16.159300000000000  1.64914  0.0265238518853  0.0562743000000000  4e-04 	4
189  1.72651353144  -16.869185790465327  1.58196  0.0389866330302  0.08645678198403789  4e-04  	4
190  1.65525005783  -16.35087020779853  1.41204  0.0222175237208  0.07212105401195844  4e-04  	4
191  1.50229320006  -16.622899963673706  1.65538  0.0460376563769  0.0794235769345298  4e-04	4
194	  1.79245       -16.7643		1.495		0.043434		0.104118	4e-04	5
195	  1.87572       -16.0070		1.622		0.0193798		0.0608557	4e-04	5
196   1.72554       -16.7594		1.672		0.0564906		0.117521	4e-04	5
197	  1.74361       -16.7253		1.665		0.0442733		0.094743	4e-04	5
198	  1.72074       -16.8947		1.738		0.0672796		0.118359	4e-04	5
199   1.59316       -16.9191		1.768		0.0465453		0.0887971	4e-04	5
203   1.80992       -16.6945		1.639		0.0405997		0.0896061	4e-04	5
204	  1.67754       -17.0724		1.663		0.0727585		0.154306	4e-04	5
205   1.58277       -17.0138		1.669		0.073722		0.0780469	4e-04	5
206   1.68480       -16.6440		1.738		0.0637131		0.0872419	4e-04	5
207   1.76107       -16.7676		1.68		0.0559043		0.0801701	4e-04	5
208   1.51442       -16.6823		1.716		0.0626732		0.0965598	4e-04	5
209   1.74297       -16.3389		1.687		0.0176376		0.0579201	4e-04	5
210   1.80630       -16.4718		1.769		0.0429843		0.0875148	4e-04	5
211   1.61827       -16.9894		1.738		0.0628206		0.0923806	4e-04	5
212   1.57846       -17.0112		1.731		0.0847786		0.100981	4e-04	5
215	  1.792407       -16.3029		2.288		0.0270778		0.02589812455620523		4e-04	5
218	  1.8477937026855624       -16.5478		2.232		0.033903967826411835		0.117515	4e-04	5
221	  1.8172495296595133       -16.7787		2.112		0.08377754321993526		0.232347	4e-04	5
222	  1.9658031966673786       -16.2727		2.329		0.059699956411704704		0.140407	4e-04	5
224	  1.9198710157741148       -16.6130		2.568		0.018209946520110046		0.16297		4e-04	5
225	  1.6828569350260985       -16.7666		2.232		0.07362054746352455		0.188191	4e-04	5
226   1.6735894893965821       -16.3670		2.114		0.033566001302332886		0.0895158	4e-04	5
228	  1.8944129046657552       -16.2404		2.454		0.029837332666351413		0.103245	4e-04	5
229	  1.8966566634945066       -16.7376		2.434		0.06624807709646117		0.0967966	4e-04	5
230	  1.8067907749910863       -16.5955		2.545		0.03425692039900584		0.0773063	4e-04	5
231   1.8701362207376346       -16.6269		2.576		0.025448634699152997		0.0809182	4e-04	5
232   1.773518668816286       -16.1497		2.172		0.0461848032013572		0.0501355	4e-04	5
233   1.7101309274279366       -16.6057		2.174		0.0465719704145483		0.0522656	4e-04	5
234   1.8211686168233536       -16.5477		2.178		0.056156591371032405		0.0551431	4e-04	5
235   1.726864900389242       -16.5047		2.340		0.03506357091080468		0.0879931	4e-04	5
236   1.903515873111926       -16.5129		2.340		0.02897434556671497		0.0541459	4e-04	5
239	  1.638424825275046       -16.5461		2.378		0.057518990677658165		0.111427	4e-04	5
241   1.8947033205383008 	  -16.2747		2.4453		0.02982037032922873 	0.1800680	4e-04	5
242		1.830158967290999	-16.189600846153137	2.298	0.010044879092106662	0.13315807749806613	 4e-04 5
243		1.8800648581128185 -16.300864567865293 2.297 0.022260646778096894  0.15663973234502732	4e-04	5
244		1.6548592799792545	-16.49714249040161 2.198 0.02033051781795311  0.15035704933561678	4e-04 	5
245		1.7249518522725573 -16.45626850573228	2.22 0.0228503770765547  0.2508972091075452	4e-04 	5
246  1.7557067  -15.8168  1.4774  0.0073498289  0.0583603  0.014774 	3
247  1.7606781  -16.2371  2.3052  0.0062858989  0.0760927  0.023052 	3
